gpt2-xl perplexity, gpt2-xl total perplexity = 289.7698600134072, 208.79546766860463
mean sentiment accuracy = 0.6113600000000001, 0.2621368924817718
dist-1 = 0.41284785048410333
dist-2 = 0.7406598342562909
dist-3 = 0.8015008749938402
