gpt2-xl perplexity, gpt2-xl total perplexity = 246.59952346069778, 164.8635234759296
mean sentiment accuracy = 0.45688, 0.28699802368657523
dist-1 = 0.42631127508428596
dist-2 = 0.7567763271818663
dist-3 = 0.810075911956435
