gpt2-xl perplexity, gpt2-xl total perplexity = 384.44461685326996, 276.6759146282022
mean sentiment accuracy = 0.74088, 0.2286010183704351
dist-1 = 0.38260440278805113
dist-2 = 0.7017314783066669
dist-3 = 0.7736806514680216
