gpt2-xl perplexity, gpt2-xl total perplexity = 98.69412718882883, 64.32219409068678
mean sentiment accuracy = 0.14312, 0.20491526443874306
dist-1 = 0.43639545645092237
dist-2 = 0.784164088323693
dist-3 = 0.8304120274821939
