gpt2-xl perplexity, gpt2-xl total perplexity = 74.73981452337271, 52.262556538637185
mean sentiment accuracy = 0.27176000000000006, 0.26107336593379266
dist-1 = 0.4408363386556588
dist-2 = 0.791718365920683
dist-3 = 0.8419497935330532
