gpt2-xl perplexity, gpt2-xl total perplexity = 244.63065934734297, 144.95014322897487
mean sentiment accuracy = 0.76224, 0.21454645743987477
dist-1 = 0.3774540523473598
dist-2 = 0.7055457363127885
dist-3 = 0.7820297691048601
