gpt2-xl perplexity, gpt2-xl total perplexity = 128.32144262034313, 84.90175585135155
mean sentiment accuracy = 0.6144, 0.26685246860390854
dist-1 = 0.4096679912617036
dist-2 = 0.7557362724905963
dist-3 = 0.8224801259853811
