gpt2-xl perplexity, gpt2-xl total perplexity = 88.47321439193699, 57.875692854135615
mean sentiment accuracy = 0.22232000000000002, 0.25135357089168237
dist-1 = 0.4348730308704323
dist-2 = 0.7824656525132413
dist-3 = 0.8311037785683855
