gpt2-xl perplexity, gpt2-xl total perplexity = 80.63116620072547, 57.27244307406417
mean sentiment accuracy = 0.4308, 0.29116345924583326
dist-1 = 0.4320449195646896
dist-2 = 0.7834336229333542
dist-3 = 0.8401714374260069
