gpt2-xl perplexity, gpt2-xl total perplexity = 222.878454476419, 135.80099029811882
mean sentiment accuracy = 0.23192000000000002, 0.2547255652658367
dist-1 = 0.4447082463665816
dist-2 = 0.7739099861507102
dist-3 = 0.8169228922703979
