gpt2-xl perplexity, gpt2-xl total perplexity = 95.02010130788808, 63.13632759591346
mean sentiment accuracy = 0.10800000000000001, 0.170598944897089
dist-1 = 0.4404361115954295
dist-2 = 0.7903820414195709
dist-3 = 0.8348204390200856
