gpt2-xl perplexity, gpt2-xl total perplexity = 79.22604793541426, 54.59317773588457
mean sentiment accuracy = 0.1712, 0.21932842952978074
dist-1 = 0.44446271084229505
dist-2 = 0.7958068056181774
dist-3 = 0.8415675750501853
