gpt2-xl perplexity, gpt2-xl total perplexity = 88.13293725432118, 58.67994523785751
mean sentiment accuracy = 0.32103999999999994, 0.2801865778369835
dist-1 = 0.4302464105194425
dist-2 = 0.7762686462421055
dist-3 = 0.8289401748666343
