gpt2-xl perplexity, gpt2-xl total perplexity = 104.96927749959588, 75.02017054165655
mean sentiment accuracy = 0.6184, 0.2681742716965966
dist-1 = 0.4077925132135637
dist-2 = 0.7559774781482861
dist-3 = 0.8253421416117269
