gpt2-xl perplexity, gpt2-xl total perplexity = 100.41256143508836, 67.8330593733108
mean sentiment accuracy = 0.45424000000000003, 0.2913836344066015
dist-1 = 0.4236146711533411
dist-2 = 0.7711677235255973
dist-3 = 0.8291000335314542
