gpt2-xl perplexity, gpt2-xl total perplexity = 147.2954056034052, 85.38299311640515
mean sentiment accuracy = 0.4634400000000001, 0.2900223550004379
dist-1 = 0.4227365404895273
dist-2 = 0.7638094532884792
dist-3 = 0.8201517810523831
