gpt2-xl perplexity, gpt2-xl total perplexity = 229.50518560840368, 140.34951431637217
mean sentiment accuracy = 0.32639999999999997, 0.2865697820775945
dist-1 = 0.43646720370675757
dist-2 = 0.7652637996202363
dist-3 = 0.8121028911810257
