gpt2-xl perplexity, gpt2-xl total perplexity = 131.58488381609243, 73.51949174475968
mean sentiment accuracy = 0.22528000000000004, 0.25157607517409125
dist-1 = 0.43788994281422855
dist-2 = 0.7780537565225658
dist-3 = 0.8244587529176738
