gpt2-xl perplexity, gpt2-xl total perplexity = 75.587589334868, 52.401709262955144
mean sentiment accuracy = 0.19488, 0.2324258711933764
dist-1 = 0.44033923799693797
dist-2 = 0.7927418139253682
dist-3 = 0.8405952491549654
