gpt2-xl perplexity, gpt2-xl total perplexity = 75.50893602630923, 52.92882691996656
mean sentiment accuracy = 0.20184, 0.2402794506402909
dist-1 = 0.4361460622566035
dist-2 = 0.7883932196545105
dist-3 = 0.8374140550439256
