gpt2-xl perplexity, gpt2-xl total perplexity = 73.46555927703058, 51.58580403682985
mean sentiment accuracy = 0.30328000000000005, 0.28153657240223695
dist-1 = 0.4348837128942753
dist-2 = 0.7876810256641271
dist-3 = 0.83991016742891
