gpt2-xl perplexity, gpt2-xl total perplexity = 88.21612484355904, 60.15571257776393
mean sentiment accuracy = 0.12784, 0.19002982502754667
dist-1 = 0.43712760780296267
dist-2 = 0.7885453091435399
dist-3 = 0.8350231879237798
