gpt2-xl perplexity, gpt2-xl total perplexity = 183.60452730693595, 110.09469938170528
mean sentiment accuracy = 0.6131200000000001, 0.2700056769773554
dist-1 = 0.4102310927158286
dist-2 = 0.7502045335323617
dist-3 = 0.8141173660339721
