gpt2-xl perplexity, gpt2-xl total perplexity = 75.62116764124269, 53.45290637364353
mean sentiment accuracy = 0.37224, 0.2902257438615672
dist-1 = 0.43181145293255496
dist-2 = 0.7841788531122238
dist-3 = 0.839379673731722
