gpt2-xl perplexity, gpt2-xl total perplexity = 81.04030864187227, 57.253300952120036
mean sentiment accuracy = 0.45008000000000004, 0.29269641883699227
dist-1 = 0.4272789087529206
dist-2 = 0.7796968173697835
dist-3 = 0.8383079102057256
