gpt2-xl perplexity, gpt2-xl total perplexity = 95.16121755493477, 68.91136455179185
mean sentiment accuracy = 0.60296, 0.27350326945029374
dist-1 = 0.4120484820818297
dist-2 = 0.7598142867106349
dist-3 = 0.8290751431510526
