gpt2-xl perplexity, gpt2-xl total perplexity = 125.51158101116089, 86.91897912552092
mean sentiment accuracy = 0.7567999999999999, 0.2223856110453192
dist-1 = 0.37450934717441214
dist-2 = 0.7074952215399405
dist-3 = 0.7921386818476612
