gpt2-xl perplexity, gpt2-xl total perplexity = 148.60006823843779, 80.86596579147479
mean sentiment accuracy = 0.15240000000000004, 0.21267778445338384
dist-1 = 0.43929858385256754
dist-2 = 0.7800861565810366
dist-3 = 0.8246204892822452
