gpt2-xl perplexity, gpt2-xl total perplexity = 129.5310739089026, 75.19813603382957
mean sentiment accuracy = 0.32688000000000006, 0.2816477686756989
dist-1 = 0.43174987256588787
dist-2 = 0.771800266317138
dist-3 = 0.8226889621000655
