gpt2-xl perplexity, gpt2-xl total perplexity = 86.90793607795078, 61.174158431254504
mean sentiment accuracy = 0.45696000000000003, 0.290853156077083
dist-1 = 0.42534279201440583
dist-2 = 0.7764378865821805
dist-3 = 0.8348438632350352
