gpt2-xl perplexity, gpt2-xl total perplexity = 81.16646695180397, 56.41897869335366
mean sentiment accuracy = 0.38576000000000005, 0.2947141367494949
dist-1 = 0.42841797225412054
dist-2 = 0.7798824044717793
dist-3 = 0.8353268725699456
