gpt2-xl perplexity, gpt2-xl total perplexity = 130.01817766603247, 89.2475765662168
mean sentiment accuracy = 0.76384, 0.21965348711094934
dist-1 = 0.3738795256116152
dist-2 = 0.7082669749759756
dist-3 = 0.7924377789786494
