gpt2-xl perplexity, gpt2-xl total perplexity = 229.25083400403682, 150.89894953198487
mean sentiment accuracy = 0.3871200000000001, 0.2887166527930109
dist-1 = 0.4305711833924382
dist-2 = 0.7599974910239634
dist-3 = 0.8100582624469903
