gpt2-xl perplexity, gpt2-xl total perplexity = 97.62281713322548, 70.30104847758751
mean sentiment accuracy = 0.6152000000000001, 0.2696
dist-1 = 0.4110550538143163
dist-2 = 0.7605108962771674
dist-3 = 0.8295131729366821
