gpt2-xl perplexity, gpt2-xl total perplexity = 91.93401809590506, 62.733836542020555
mean sentiment accuracy = 0.38704000000000005, 0.28809727246192385
dist-1 = 0.42687623682706566
dist-2 = 0.7734659540383729
dist-3 = 0.8288896796909492
