gpt2-xl perplexity, gpt2-xl total perplexity = 137.03407750627937, 79.68821771138666
mean sentiment accuracy = 0.38792000000000004, 0.287284656046925
dist-1 = 0.4260987155055785
dist-2 = 0.7671915123249848
dist-3 = 0.8212115257876282
