gpt2-xl perplexity, gpt2-xl total perplexity = 142.6983896048617, 96.61913194563402
mean sentiment accuracy = 0.75808, 0.22204034228040634
dist-1 = 0.3760018954680448
dist-2 = 0.7118583887725939
dist-3 = 0.7935857475163928
