gpt2-xl perplexity, gpt2-xl total perplexity = 87.18574897092536, 60.0437688127621
mean sentiment accuracy = 0.13624, 0.20046810818681357
dist-1 = 0.4371696058741168
dist-2 = 0.7878159610174192
dist-3 = 0.8336065401728459
