gpt2-xl perplexity, gpt2-xl total perplexity = 76.1331544532547, 53.86852436609964
mean sentiment accuracy = 0.35072000000000003, 0.2895684402693084
dist-1 = 0.4361641314789024
dist-2 = 0.7865243344243961
dist-3 = 0.84047547784318
