gpt2-xl perplexity, gpt2-xl total perplexity = 252.67154272668827, 145.7095934767619
mean sentiment accuracy = 0.16104, 0.22277279546659193
dist-1 = 0.4476541825171433
dist-2 = 0.7781512789205413
dist-3 = 0.8192919964589878
