gpt2-xl perplexity, gpt2-xl total perplexity = 75.60079929243308, 53.149619173371725
mean sentiment accuracy = 0.31744000000000006, 0.2856008515393468
dist-1 = 0.4314436866045662
dist-2 = 0.7826228771708725
dist-3 = 0.8357208484277093
